DEL MORTE : 26,2,79,3,79,6,80,9,78,13,78,13,75,14,74,16,70,14,70,19,68,21,66,22,68,26,67,29,69,35,66,42,66,44,64,47,64,49,66,50,66,54,69,55,70,61,71,65,71,66,69,69,68,71,68,73,58,72,59,63,34,62,28,30,22,29,20,26,24,16,26,7,26,2,27

SISKYOU / 68,72,79,73,83,75,82,80,85,88,84,90,88,98,92,98,98,103,99,106,101,108,110,108,113,111,117,113,118,118,123,116,127,119,130,115,127,110,125,110,123,107,125,100,125,97,130,96,136,95,140,94,142,91,145,91,145,88,152,85,152,82,157,82,158,78,159,78,161,81,163,81,165,84,163,88,163,94,163,96,164,98,166,99,192,100,252,101,254,9,80,4,80,8,78,14,75,14,74,17,71,15,68,20,66,22,68,27,67,30,68,33,68,36,66,42,66,44,64,47,65,49,66,51,65,53,69,55,69,62,71,64,72,65,70,67,69,67,69,69,68,70


HUMBOLDT : 70,229,31,228,30,226,25,225,24,218,18,212,10,205,3,198,4,189,1,178,5,162,13,147,20,134,28,117,29,112,28,110,26,107,26,101,29,92,32,83,33,78,34,73,35,70,34,62,58,63,58,73,80,73,82,76,82,78,84,83,85,88,84,90,88,97,85,99,85,103,83,107,87,114,85,117,83,121,81,125,79,126,74,122,72,124,69,124,69,128,73,135,74,157,72,199,71,228

MODOC : 253,9,252,101,373,102,374,10,311,9

LASSEN : 261,113,261,101,355,103,373,102,372,269,360,269,361,266,364,261,364,256,364,248,364,244,358,238,356,234,356,232,355,231,356,227,351,227,352,224,344,223,339,218,333,212,328,207,320,203,313,200,309,199,306,203,305,204,301,207,299,209,299,213,295,214,292,211,288,211,285,209,285,207,283,206,283,185,260,185,261,120

SHASTA : 167,99,168,107,164,110,160,112,160,119,154,122,154,132,151,136,148,138,149,144,143,148,145,150,143,153,141,154,145,166,143,167,140,168,138,169,136,174,132,174,131,177,127,179,126,182,120,184,119,184,117,189,113,192,113,199,117,196,120,196,125,197,129,192,135,192,140,190,144,193,148,195,154,191,160,187,164,189,170,191,181,190,182,189,187,190,199,186,204,185,209,187,215,184,221,183,224,184,227,184,229,183,232,183,234,185,237,185,239,186,239,184,261,184,262,100,225,100

TRINITY : 158,77,156,81,156,83,152,82,151,85,148,88,145,88,144,90,141,92,138,95,133,95,130,95,128,98,124,98,124,107,126,110,128,112,130,116,127,119,125,117,123,116,120,117,118,117,116,112,112,109,104,109,100,108,99,104,95,101,91,99,89,99,87,97,84,100,83,104,82,108,86,115,79,126,78,126,74,122,71,124,69,124,69,128,73,136,70,232,122,234,121,227,120,223,121,221,119,214,120,207,120,204,116,201,114,201,113,199,113,193,118,188,119,184,124,183,125,180,128,181,129,177,132,176,132,174,137,173,137,170,141,169,142,167,145,168,144,162,142,159,141,154,143,153,144,150,144,148,148,144,149,139,151,136,154,131,154,127,154,122,158,119,160,118,161,113,160,111,167,108,168,102,167,100,164,99,163,96,163,92,163,89,164,85,165,82,163,80,161,80

TEHAMA: 123,255,197,257,197,252,199,247,221,247,224,242,224,240,229,236,232,236,234,232,237,228,238,223,244,224,251,220,250,213,254,212,257,210,259,206,258,202,259,200,257,197,252,196,248,195,247,187,247,185,240,184,238,186,233,185,230,182,227,184,225,186,218,184,212,186,207,186,202,186,194,187,188,190,183,190,180,190,171,191,166,190,162,189,160,188,151,194,147,195,141,192,139,191,132,193,129,193,126,197,120,196,117,197,113,199,116,202,119,203,120,210,119,215,120,216,120,220,119,222,121,226,121,232,124,236,124,238,123,242,121,241,120,249,121,254

LASSEN : 261,138,261,184,283,184,282,205,285,206,286,209,292,210,295,214,298,213,299,208,303,206,306,204,305,201,308,201,309,199,318,200,321,204,324,205,332,211,340,221,345,223,351,223,352,226,356,227,355,230,357,235,360,240,364,244,365,247,364,250,364,255,364,259,364,261,364,263,362,266,360,269,373,268,373,102,261,101

PLUMAS : 251,217,253,218,253,221,256,224,256,227,254,230,252,234,252,239,252,244,250,246,255,250,281,281,286,277,289,276,293,271,292,267,293,263,299,261,303,265,305,268,308,268,315,272,316,270,360,269,360,266,364,263,364,257,365,251,364,245,361,241,357,235,356,231,355,227,352,226,351,223,344,223,339,219,334,214,327,206,323,205,319,202,315,201,308,200,306,202,306,205,301,207,299,213,294,214,292,211,289,211,286,209,284,207,283,204,283,185,247,184,248,194,255,197,259,199,257,202,257,205,257,210,255,212,250,213,250,217

BUTTE : 251,217,248,221,245,223,240,223,237,223,236,229,233,232,233,235,231,237,228,237,225,240,223,245,222,247,198,247,196,251,197,255,199,257,199,260,207,264,206,269,202,271,204,273,201,275,202,277,201,286,204,288,212,287,212,291,211,303,209,313,232,313,234,313,238,313,251,310,254,306,257,301,257,296,262,290,265,290,267,289,273,289,275,286,276,284,281,281,253,249,252,246,251,246,252,243,252,241,252,237,251,235,256,226,255,222,252,220,253,217,252,217

GLENN : 122,254,200,256,199,259,203,264,207,268,204,270,203,272,204,273,203,275,203,277,202,279,202,286,202,287,213,286,213,289,212,291,212,299,210,304,201,304,200,301,190,300,189,303,137,302,138,295,139,289,138,280,125,279,125,267,126,265,123,264,123,260,122,258

MENDOCINO : 121,233,70,232,70,230,32,228,33,231,35,235,40,243,41,246,44,249,45,257,45,260,47,263,48,265,48,270,50,277,51,281,48,286,45,295,45,301,45,308,47,316,50,323,52,327,52,333,53,339,52,343,50,349,50,352,58,364,63,369,67,371,68,369,81,369,81,365,100,366,101,363,106,362,106,361,122,363,122,363,128,362,125,360,121,357,118,357,117,353,115,350,115,347,110,344,109,342,108,338,106,336,106,331,108,325,110,324,115,317,114,313,113,313,114,307,111,305,111,302,110,300,108,297,110,292,110,289,114,286,119,287,122,285,125,285,126,279,125,265,123,265,124,259,121,259,122,254,121,254,121,251,120,250,121,245,120,242,123,242,124,238,122,234

LAKE : 131,364,134,367,135,370,138,377,142,379,144,385,158,381,163,372,164,368,166,369,167,367,165,364,166,361,164,358,163,357,165,355,168,354,164,350,164,347,164,344,160,342,158,340,157,332,158,330,159,326,155,323,152,322,150,324,147,321,144,322,139,316,135,312,133,310,135,306,137,305,136,303,134,302,137,301,137,297,138,294,138,280,135,279,126,279,125,283,124,285,120,286,115,286,111,288,110,289,109,293,109,296,109,298,111,300,111,305,114,314,114,316,111,324,108,325,107,327,106,335,107,337,109,339,108,342,114,347,115,352,117,354,118,356,122,356,127,362

COLUSA : 199,300,189,300,189,303,132,302,137,303,137,305,136,306,134,307,134,310,137,314,141,318,143,322,146,320,151,323,155,322,158,327,158,330,157,332,157,335,157,340,164,346,164,350,166,352,169,355,214,356,213,352,217,348,216,347,213,341,211,340,209,337,206,333,207,330,205,327,206,324,204,320,208,312,211,304,200,304

SUTTER : 233,314,209,313,204,319,206,323,206,325,205,326,207,331,205,332,209,336,209,339,214,340,216,349,214,351,214,356,217,358,215,362,220,363,221,362,223,365,223,371,225,371,227,376,230,374,232,372,234,373,234,379,245,379,247,359,250,357,250,349,244,349,238,353,235,356,236,352,236,346,234,344,234,340,236,338,235,336,233,326,234,322,231,321,233,317

YUBA : 285,303,278,306,275,307,274,311,270,312,269,316,265,317,264,322,263,325,263,345,260,343,257,345,254,346,250,350,247,349,239,352,236,357,236,348,235,345,234,342,235,338,237,335,234,335,234,326,233,325,234,323,232,320,233,314,234,312,238,314,247,311,251,310,256,308,258,300,258,296,262,289,265,290,270,288,272,290,274,291,276,285,278,284,278,282,280,282,283,280,286,277,285,286,283,287,283,290,285,292,285,299

SIERRA : 319,269,372,269,372,300,329,299,327,297,327,294,324,291,315,290,312,294,308,297,302,300,291,301,285,304,285,298,285,291,282,289,282,287,285,286,286,279,285,277,289,276,292,271,293,268,293,265,298,261,301,263,305,264,304,268,305,269,307,267,315,273

NEVADA : 264,318,262,344,267,346,271,346,275,345,278,347,280,348,283,348,285,343,286,341,289,336,296,329,301,324,311,317,318,314,324,313,344,313,371,313,373,299,330,299,327,297,326,292,324,290,316,290,312,293,309,297,303,298,296,301,289,302,285,302,284,305,280,305,276,306,273,311,270,312,269,315,266,317

PLACER : 324,358,320,356,317,356,315,354,314,351,311,350,309,348,305,349,302,350,300,352,299,353,298,355,292,354,292,356,287,357,285,359,283,359,282,363,281,366,277,370,277,373,272,381,245,379,246,357,251,357,251,349,260,343,262,344,266,346,269,348,275,344,277,348,283,348,288,336,293,331,299,328,300,325,306,321,312,316,318,313,372,314,372,342,361,342,359,345,356,347,352,347,352,348,334,346,334,349,332,353,331,355,328,358

EL DORADO : 384,360,373,350,373,342,362,342,359,345,356,347,352,346,334,347,332,355,328,358,324,359,321,357,318,356,314,354,314,352,311,351,309,348,302,350,299,353,298,355,295,354,292,353,292,355,289,357,286,358,283,359,282,363,281,365,278,369,276,374,275,377,273,381,275,382,279,389,283,405,294,402,297,402,302,400,306,400,314,402,319,406,331,404,343,402,349,400,353,396,354,392,361,390,364,386,362,383,364,383,367,384,368,382,375,376,378,374,378,372,381,368,382,365,384,365,384,362

SACRAMENTO : 234,378,276,383,281,396,284,405,283,420,283,430,282,429,278,429,274,430,272,433,268,433,263,434,261,434,259,435,250,436,248,433,244,433,240,438,238,444,235,447,234,449,232,450,226,452,225,456,222,458,214,457,210,456,216,454,220,453,227,441,232,439,233,431,233,426,239,421,241,418,240,413,242,411,241,409,239,407,237,405,237,404,240,403,241,399,241,397,242,396,242,394,240,393,237,394,236,387,234,388,231,384,231,382,233,380

YOLO : 233,372,228,376,226,374,226,371,224,370,223,364,221,362,218,364,216,363,216,362,217,359,214,356,164,355,163,357,164,359,166,361,165,363,166,364,169,365,175,365,179,378,179,381,182,385,185,387,185,389,188,393,188,396,189,399,189,402,191,402,194,402,196,404,197,405,203,400,207,400,210,399,216,402,220,402,221,400,224,400,226,405,225,426,233,426,236,423,239,422,241,418,240,415,240,412,242,411,242,408,238,407,238,405,238,403,240,403,241,398,240,397,242,395,241,394,240,392,237,393,236,388,234,388,231,384,231,382,233,382,234,378,235,375

NAPA : 145,383,158,380,163,371,164,369,166,370,167,367,166,364,173,365,178,372,178,376,180,381,182,383,182,385,184,388,185,391,188,395,188,400,189,403,187,411,191,420,192,424,192,425,180,424,180,429,180,436,179,439,180,443,176,443,166,442,166,438,166,432,163,428,163,424,158,418,157,415,155,412,157,410,154,407,151,404,151,401,149,398,148,396,144,395,143,393,142,391,144,389

SONOMA : 140,378,136,372,135,368,128,362,105,361,106,363,102,363,100,365,80,365,80,368,69,368,67,370,75,377,80,388,84,395,100,408,104,416,105,424,112,423,120,422,128,431,134,435,142,438,145,438,148,438,154,446,160,446,162,442,167,441,167,439,167,435,165,431,163,429,163,424,161,420,159,418,159,415,155,412,157,408,154,407,152,404,151,400,148,398,147,395,145,396,143,392,145,384,142,378

MARIN : 155,454,154,458,159,461,158,463,155,464,155,468,160,473,155,482,138,469,137,471,129,465,126,459,121,458,117,455,114,456,112,459,109,459,109,453,115,441,114,438,115,437,124,449,125,450,126,448,117,433,114,431,111,423,114,423,117,424,119,422,130,433,135,436,143,440,147,439,153,444,156,448,157,453

SAN FRANCISCO: 163,493,153,493,153,486,154,485,155,485,155,482,163,483,164,491

SAN MATEO : 153,493,153,501,153,505,151,508,151,516,156,519,159,526,159,530,161,536,158,544,158,548,162,555,167,559,166,552,173,553,174,550,182,549,181,544,181,540,178,537,178,535,178,535,178,533,178,529,179,526,182,522,187,522,185,519,172,508,169,509,165,505,165,493,159,494

ALAMEDA : 235,482,200,493,196,491,195,488,194,484,187,483,185,483,183,481,180,481,180,478,177,475,175,472,174,471,171,472,171,479,168,482,168,486,179,489,179,490,177,493,181,495,182,501,185,510,188,517,191,517,192,520,198,521,201,521,203,523,207,521,209,519,242,521,242,519,240,518,240,516,236,515,236,497

CONTRA COSTA : 234,451,227,452,227,456,223,457,224,460,211,458,200,455,194,455,186,458,183,457,178,455,176,454,169,460,164,459,163,465,162,467,164,471,167,471,172,472,173,471,177,475,180,479,181,481,185,483,187,484,192,484,195,485,196,488,197,490,201,493,236,482,238,479,236,479,233,477,235,473,236,469,235,465,234,461,236,458,234,458,235,454,245,463,246,460,242,455,237,453

SAN JOAQUIN : 283,429,280,429,270,434,264,434,261,433,259,436,251,436,249,435,248,434,246,432,243,432,242,437,241,438,238,439,239,442,238,444,234,447,234,451,237,454,243,456,248,462,246,463,243,460,241,458,238,457,235,454,233,458,234,459,234,462,234,465,235,467,236,470,235,473,234,475,233,477,237,479,238,479,236,482,236,514,239,516,242,521,246,518,258,503,267,496,269,497,271,494,274,494,275,491,280,492,282,492,285,489,286,490,287,492,291,492,291,456,286,437

AMADOR : 284,404,291,403,294,404,301,399,306,400,313,402,317,406,327,405,344,400,351,399,354,396,355,391,360,391,363,384,366,383,367,387,367,405,362,407,354,407